#ID,Country,Published,Name(English),Description(English),Name(Arabic),Description(Arabic),Name(Malesiya),Description(Malesiya),Name(aas),Description(aas),Name(fdg),Description(fdg),Name(Arabic),Description(Arabic),Name(Malesiya),Description(Malesiya),Name(aas),Description(aas),Name(Arabic),Description(Arabic),Name(Malesiya),Description(Malesiya),Name(aas),Description(aas),Name(Arabic),Description(Arabic),Name(Malesiya),Description(Malesiya),Name(aas),Description(aas)
1,india,Yes,test,test,test1,test1,test2,test2,test3,test3,,,,,,,,,,,,,,,,,,,,
2,india,No,English,English des,Arebic,Arebic des,Malesiya,Malesiya des,Aas,Aas des,,,,,,,,,,,,,,,,,,,,
3,india,No,lk;,l;klk;,vgcb,ghgfh,ghgfh,ghgfhgf,gfhgfhg,gfhgfhgf,,,,,,,,,,,,,,,,,,,,
,india,Yes,English,D,vgcb,ghgfh,df,fgfd,fdgdfg,fdgdfgfd,,,,,,,,,,,,,,,,,,,,
